window,model,start_date,end_date,observations,annualized_return,annualized_volatility,sharpe_ratio,max_drawdown,calmar_ratio,cvar_95_daily_loss,avg_monthly_turnover,annualized_turnover
full_available_sample,Global Relaxed Risk Parity,2007-01-19,2026-07-31,4684,0.04236423154482516,0.03865523009199812,0.4714266498174312,-0.06323596281248989,0.6699389028114505,0.006223870601443893,0.18161030372569106,2.1853768971561807
pre_2020,Global Relaxed Risk Parity,2007-01-19,2019-12-31,3090,0.04039795145411551,0.03531497482114873,0.3797591787913699,-0.058460432149123664,0.691030667564456,0.005511055001016266,0.14943741197239666,1.8005485931011185
2020_2021,Global Relaxed Risk Parity,2020-01-02,2021-12-31,486,0.10126606337270294,0.06285881255211684,1.2095297768857562,-0.06323596281249022,1.601399881788486,0.00894687337032047,0.25,3.006172839506173
post_2021,Global Relaxed Risk Parity,2022-01-04,2026-07-31,1108,0.021700446366597514,0.03318065453578804,0.15720608334722055,-0.05465004992080735,0.3970800831480179,0.006129195484451497,0.2430215474153366,2.925104320335436
post_2022,Global Relaxed Risk Parity,2023-01-03,2026-07-31,866,0.03457660513540062,0.03046899057003551,0.6039851160264487,-0.038740457338637735,0.8925192811525148,0.005396358305581444,0.24135661536898692,2.904740737035606
rolling_36m_2007-01-01_2009-12-31,Global Relaxed Risk Parity,2007-01-19,2009-12-31,660,0.0,0.0,0.0,0.0,0.0,0.0,0.0,0.0
rolling_36m_2008-01-01_2010-12-31,Global Relaxed Risk Parity,2008-01-02,2010-12-31,687,0.0,0.0,0.0,0.0,0.0,0.0,0.0,0.0
rolling_36m_2009-01-01_2011-12-31,Global Relaxed Risk Parity,2009-01-05,2011-12-30,720,0.0,0.0,0.0,0.0,0.0,0.0,0.0,0.0
rolling_36m_2010-01-01_2012-12-31,Global Relaxed Risk Parity,2010-01-04,2012-12-31,728,-0.004271267314914229,0.023752298359319336,-1.2510462636487927,-0.058460432149123664,-0.07306253405754641,0.004088889979939517,0.06944444444444445,0.836195054945055
rolling_36m_2011-01-01_2013-12-31,Global Relaxed Risk Parity,2011-01-04,2013-12-31,725,0.022246576727969813,0.03887835760113753,-0.18850048476393963,-0.058460432149123664,0.38054075055795317,0.005837846176131469,0.1527777777777778,1.839629120879121
rolling_36m_2012-01-01_2014-12-31,Global Relaxed Risk Parity,2012-01-04,2014-12-31,726,0.04720287413311053,0.04624255875309601,0.3506267734648034,-0.058460432149123664,0.8074328635255925,0.006579558836091432,0.2361111111111111,2.843063186813187
rolling_36m_2013-01-01_2015-12-31,Global Relaxed Risk Parity,2013-01-04,2015-12-31,727,0.11736095714972716,0.05379080254418346,1.5245680142447624,-0.05361237412834585,2.1890647272730317,0.0072015678631589305,0.25,3.0130614115490375
rolling_36m_2014-01-01_2016-12-31,Global Relaxed Risk Parity,2014-01-02,2016-12-30,733,0.10129721777274692,0.05043738594519905,1.4001704656575034,-0.053612374128345186,1.8894372692812809,0.006994204502146892,0.25,3.0075480329368713
rolling_36m_2015-01-01_2017-12-31,Global Relaxed Risk Parity,2015-01-05,2017-12-29,732,0.10314305412983304,0.05081402280507989,1.4415936621078569,-0.05361237412834541,1.9238665663809926,0.006879534640748823,0.2480129637560023,2.9946028103100772
rolling_36m_2016-01-01_2018-12-31,Global Relaxed Risk Parity,2016-01-04,2018-12-28,731,0.04621509246122146,0.04072752778271376,0.441476469915605,-0.03331227209793797,1.3873293399306192,0.006118166515706325,0.2480129637560023,2.9946028103100772
rolling_36m_2017-01-01_2019-12-31,Global Relaxed Risk Parity,2017-01-03,2019-12-31,731,0.04828438432089821,0.0347048613242348,0.5372632439940848,-0.03331227209793752,1.4494473441782334,0.005134531519217479,0.24478434076927444,2.947499356021236
rolling_36m_2018-01-01_2020-12-31,Global Relaxed Risk Parity,2018-01-02,2020-12-31,730,0.0679863411817403,0.04625249984322554,0.8898437174057737,-0.06323596281248989,1.0751214681958183,0.0072466770246754466,0.24677137701327215,2.9659934518715865
rolling_36m_2019-01-01_2021-12-31,Global Relaxed Risk Parity,2019-01-02,2021-12-31,730,0.08773187585243991,0.052644558359919276,1.1781711909091908,-0.06323596281248978,1.3873731331107673,0.007966847756834655,0.24677137701327215,2.9659934518715865
rolling_36m_2020-01-01_2022-12-31,Global Relaxed Risk Parity,2020-01-02,2022-12-30,728,0.05836821782014989,0.05671357506459049,0.6499434425159171,-0.06323596281249022,0.9230225211123241,0.008707991450170718,0.24966251797158545,3.0034880592940323
rolling_36m_2021-01-01_2023-12-31,Global Relaxed Risk Parity,2021-01-04,2023-12-29,727,0.018356887129480803,0.040446720110146724,-0.05643421551998444,-0.059457498272212916,0.3087396487056667,0.00695560522177792,0.24966251797158545,3.014520155012284
rolling_36m_2022-01-01_2024-12-31,Global Relaxed Risk Parity,2022-01-04,2024-12-31,726,0.006082099382141548,0.024584420497063168,-0.5032796740738166,-0.05465004992080735,0.11129174430682197,0.004624088455655311,0.23933847521787543,2.8819245518679892
rolling_36m_2023-01-01_2025-12-31,Global Relaxed Risk Parity,2023-01-03,2025-12-31,727,0.03548564170337842,0.01676882992292375,1.0866201955386274,-0.020190166836480228,1.7575705040367398,0.0025114803193820026,0.23967595724628993,2.8833478150333636
full_available_sample,Defensive Dynamic Relaxed Risk Parity,2012-03-30,2026-07-31,3380,0.06651077597470834,0.04951461245836674,0.8416174474261799,-0.06639477171545916,1.0017471896694867,0.007318561777935256,0.24628223934498752,2.972143565754566
pre_2020,Defensive Dynamic Relaxed Risk Parity,2012-03-30,2019-12-31,1832,0.08065030445496335,0.051944618715438866,0.971062760456722,-0.06429883256542457,1.2543043355087518,0.007326473115312415,0.24689542277926863,2.993214688556504
2020_2021,Defensive Dynamic Relaxed Risk Parity,2020-01-02,2021-12-31,472,0.1123701532855006,0.06305218161173917,1.3655283090893096,-0.05177713546844176,2.1702659343522464,0.008683087915630864,0.25,3.006172839506173
post_2021,Defensive Dynamic Relaxed Risk Parity,2022-01-04,2026-07-31,1076,0.022590996362944704,0.036830095522475174,0.16905549104566545,-0.058617840434669444,0.3853945521606642,0.006252450550071915,0.2436119575533016,2.9322107323540365
post_2022,Defensive Dynamic Relaxed Risk Parity,2023-01-03,2026-07-31,840,0.0417427389275955,0.03174596451010576,0.7991901214138049,-0.043018737141299224,0.9703385478399196,0.005433346865001381,0.24182924803329273,2.9104288983133237
rolling_36m_2012-03-01_2015-02-28,Defensive Dynamic Relaxed Risk Parity,2012-03-30,2015-02-27,683,0.0762097618899833,0.049381445351729364,0.8796359553222357,-0.06429883256542457,1.185243321679896,0.006702724597010859,0.25,3.0895206766917296
rolling_36m_2013-03-01_2016-02-29,Defensive Dynamic Relaxed Risk Parity,2013-03-01,2016-02-29,708,0.10543385840973918,0.056062683851216544,1.2779483757439536,-0.06387309350003834,1.6506771886612301,0.007683050068549658,0.25,3.0020547945205482
rolling_36m_2014-03-01_2017-02-28,Defensive Dynamic Relaxed Risk Parity,2014-03-03,2017-02-28,715,0.11485111020388361,0.05543430954769331,1.511158790464131,-0.06387309350003811,1.798114102674784,0.007696917435015775,0.25,3.0075480329368713
rolling_36m_2015-03-01_2018-02-28,Defensive Dynamic Relaxed Risk Parity,2015-03-02,2018-02-28,717,0.10333821685700117,0.05894181659433207,1.2491882953961595,-0.06387309350003745,1.6178677310648903,0.008339917105386181,0.24428855758585039,2.9361519595030594
rolling_36m_2016-03-01_2019-02-28,Defensive Dynamic Relaxed Risk Parity,2016-03-01,2019-02-28,709,0.07504028119187889,0.052301212262737456,0.8727512352626047,-0.057572132628418315,1.303413262041262,0.007646095179095809,0.24189360392364584,2.907366542954314
rolling_36m_2017-03-01_2020-02-29,Defensive Dynamic Relaxed Risk Parity,2017-03-01,2020-02-28,703,0.08650185375258035,0.05183510430972066,1.0687189329229871,-0.057572132628418426,1.5024952143232193,0.007458019951551788,0.24189360392364584,2.907366542954314
rolling_36m_2018-03-01_2021-02-28,Defensive Dynamic Relaxed Risk Parity,2018-03-01,2021-02-26,702,0.08692706046347443,0.05341246423978518,1.1172960912208196,-0.05177713546844187,1.6788696338069227,0.0076754658632849,0.2476050463377954,2.9787362802339175
rolling_36m_2019-03-01_2022-02-28,Defensive Dynamic Relaxed Risk Parity,2019-03-01,2022-02-28,707,0.09134738367340489,0.05628428935307775,1.1680701646204679,-0.05177713546844165,1.7642417419766578,0.008166257681554446,0.25,3.0020547945205482
rolling_36m_2020-03-01_2023-02-28,Defensive Dynamic Relaxed Risk Parity,2020-03-02,2023-02-28,711,0.037328026809366754,0.05672911567745098,0.296317991759488,-0.0663947717154576,0.5622133466975425,0.008286639246306729,0.25,3.0075480329368713
rolling_36m_2021-03-01_2024-02-29,Defensive Dynamic Relaxed Risk Parity,2021-03-01,2024-02-29,708,0.010572283713264241,0.04436399779282455,-0.21440729946944864,-0.06639477171545738,0.159233678196425,0.0068952568718714975,0.244891297582714,2.9407083761781796
rolling_36m_2022-03-01_2025-02-28,Defensive Dynamic Relaxed Risk Parity,2022-03-01,2025-02-28,705,0.014307250755067669,0.029107072185839102,-0.12488939111883021,-0.04214549645674992,0.3394728252815789,0.004824102710479835,0.24024049070643297,2.884860467852865
rolling_36m_2023-03-01_2026-02-28,Defensive Dynamic Relaxed Risk Parity,2023-03-01,2026-02-27,704,0.05579852569168264,0.023655050383668958,1.6160973187893983,-0.019139673746450092,2.9153331676843135,0.0035663066746164144,0.24024049070643297,2.8874974518271364
full_available_sample,Convex Adaptive Global RRP,2007-01-19,2026-07-31,4684,0.11615330583220174,0.15840919497001107,0.6214494351680374,-0.28870716566057253,0.40232221312013067,0.02360684907420555,0.00425531914893617,0.05120566381606617
pre_2020,Convex Adaptive Global RRP,2007-01-19,2019-12-31,3090,0.12112480172349027,0.15462871541061973,0.6434838729162706,-0.2534004415345865,0.4779975953868178,0.02353350080206496,0.00641025641025641,0.0772362021569042
2020_2021,Convex Adaptive Global RRP,2020-01-02,2021-12-31,486,0.25151693508185713,0.18486535796541262,1.1866520056978445,-0.15668281754980085,1.6052617575753878,0.0260754396884439,0.0,0.0
post_2021,Convex Adaptive Global RRP,2022-01-04,2026-07-31,1108,0.04527070763638563,0.1562429758118868,0.25401084561410586,-0.2360092443187788,0.191817518703794,0.022381842571912957,0.0,0.0
post_2022,Convex Adaptive Global RRP,2023-01-03,2026-07-31,866,0.09272815856840388,0.14741738153435688,0.566664801364489,-0.20147698713388418,0.4602419357541056,0.02027343675562121,0.0,0.0
rolling_36m_2007-01-01_2009-12-31,Convex Adaptive Global RRP,2007-01-19,2009-12-31,660,0.0,0.0,0.0,0.0,0.0,0.0,0.0,0.0
rolling_36m_2008-01-01_2010-12-31,Convex Adaptive Global RRP,2008-01-02,2010-12-31,687,0.0,0.0,0.0,0.0,0.0,0.0,0.0,0.0
rolling_36m_2009-01-01_2011-12-31,Convex Adaptive Global RRP,2009-01-05,2011-12-30,720,0.0,0.0,0.0,0.0,0.0,0.0,0.0,0.0
rolling_36m_2010-01-01_2012-12-31,Convex Adaptive Global RRP,2010-01-04,2012-12-31,728,0.004621795014464025,0.09060478779794909,-0.18764881607849968,-0.18104447379567745,0.025528506435827887,0.015422851753335538,0.027777777777777776,0.334478021978022
rolling_36m_2011-01-01_2013-12-31,Convex Adaptive Global RRP,2011-01-04,2013-12-31,725,0.11396816720695835,0.15351045629982604,0.5844839999729307,-0.18104447379567745,0.6295037060097186,0.022007119129281834,0.027777777777777776,0.334478021978022
rolling_36m_2012-01-01_2014-12-31,Convex Adaptive Global RRP,2012-01-04,2014-12-31,726,0.21970448279383303,0.18369877785660021,1.0057357266952747,-0.18104447379567745,1.2135387409934775,0.02457549037759503,0.027777777777777776,0.334478021978022
rolling_36m_2013-01-01_2015-12-31,Convex Adaptive Global RRP,2013-01-04,2015-12-31,727,0.48692622613416003,0.2237295464014831,1.752061669276328,-0.24611126464741195,1.9784800457295135,0.030000263738140825,0.0,0.0
rolling_36m_2014-01-01_2016-12-31,Convex Adaptive Global RRP,2014-01-02,2016-12-30,733,0.3832697207577296,0.2209068130364899,1.458510770927145,-0.24611126464741184,1.5573026342650997,0.03185319526207248,0.0,0.0
rolling_36m_2015-01-01_2017-12-31,Convex Adaptive Global RRP,2015-01-05,2017-12-29,732,0.2722752854018675,0.20566599588857118,1.1475854733667474,-0.24611126464741162,1.1063097245546216,0.03105934358620607,0.0,0.0
rolling_36m_2016-01-01_2018-12-31,Convex Adaptive Global RRP,2016-01-04,2018-12-28,731,-0.010571748806573966,0.17569050345670145,-0.1327501180145605,-0.2534004415345852,-0.04171953585617998,0.0269520255997234,0.0,0.0
rolling_36m_2017-01-01_2019-12-31,Convex Adaptive Global RRP,2017-01-03,2019-12-31,731,0.047397039138390884,0.1692329855031634,0.18595565076492834,-0.25340044153458663,0.18704402743482063,0.023245751467187267,0.0,0.0
rolling_36m_2018-01-01_2020-12-31,Convex Adaptive Global RRP,2018-01-02,2020-12-31,730,0.15965328018519664,0.1972344697015834,0.7199020962898734,-0.2534004415345862,0.6300434175186939,0.026912870041463376,0.0,0.0
rolling_36m_2019-01-01_2021-12-31,Convex Adaptive Global RRP,2019-01-02,2021-12-31,730,0.30044799030273683,0.18554369325202194,1.3840283635293371,-0.15668281754980107,1.9175554473753353,0.02496699756821847,0.0,0.0
rolling_36m_2020-01-01_2022-12-31,Convex Adaptive Global RRP,2020-01-02,2022-12-30,728,0.11550381325020065,0.1848571545592969,0.5680561089807858,-0.2272616147556462,0.5082416288135214,0.02683756950575583,0.0,0.0
rolling_36m_2021-01-01_2023-12-31,Convex Adaptive Global RRP,2021-01-04,2023-12-29,727,-0.028423400943100252,0.15558884799790426,-0.24479446354777698,-0.24423562870193316,-0.1163769638941105,0.022817755960600417,0.0,0.0
rolling_36m_2022-01-01_2024-12-31,Convex Adaptive Global RRP,2022-01-04,2024-12-31,726,-0.06297031503464179,0.15819129357403097,-0.45126593778024454,-0.2360092443187788,-0.26681291750414443,0.022521283559831795,0.0,0.0
rolling_36m_2023-01-01_2025-12-31,Convex Adaptive Global RRP,2023-01-03,2025-12-31,727,0.06761941873614008,0.14143721463677364,0.4146796140785451,-0.20147698713388418,0.33561857211615964,0.018530612292966153,0.0,0.0
full_available_sample,Improved Convex Adaptive Global RRP,2018-01-02,2026-07-31,2081,0.05595181186102183,0.02877283080737287,1.1857528409275326,-0.03807644372050201,1.4694600228879817,0.004049473414772925,0.019608764097974827,0.2355352528540506
pre_2020,Improved Convex Adaptive Global RRP,2018-01-02,2019-12-31,487,0.057748573886765575,0.030095308042020794,0.9571854688054103,-0.03223963522384321,1.7912291341329112,0.004113931823007984,0.03120304579795255,0.37572238937479674
2020_2021,Improved Convex Adaptive Global RRP,2020-01-02,2021-12-31,486,0.06795623594725075,0.031745433249444725,1.3788723882795513,-0.03807644372050212,1.784731695167739,0.0044739317601519115,0.027626192719269915,0.3321964408465296
post_2021,Improved Convex Adaptive Global RRP,2022-01-04,2026-07-31,1108,0.04933356676797085,0.026777596037379295,1.1852759902970778,-0.019564788857797333,2.521548641620505,0.0038005054198739716,0.011050926866873962,0.13301336554638366
post_2022,Improved Convex Adaptive Global RRP,2023-01-03,2026-07-31,866,0.059463251476968404,0.025681404604380894,1.6381702092571582,-0.01956478885779689,3.039299422506741,0.0035642843791689662,0.009873571798276243,0.11882900403890967
rolling_36m_2018-01-01_2020-12-31,Improved Convex Adaptive Global RRP,2018-01-02,2020-12-31,730,0.06761074314188997,0.03210904685555006,1.2535902858738008,-0.03807644372050201,1.77565803251435,0.0044408278188472735,0.03163257206362678,0.3801980713570645
rolling_36m_2019-01-01_2021-12-31,Improved Convex Adaptive Global RRP,2019-01-02,2021-12-31,730,0.07633771489452346,0.029534197620689647,1.7108089635924029,-0.038076443720501785,2.0048541154440946,0.004088819883882626,0.026147628712204118,0.3142734642932102
rolling_36m_2020-01-01_2022-12-31,Improved Convex Adaptive Global RRP,2020-01-02,2022-12-30,728,0.05009892823638573,0.03130410331695056,0.890833054575092,-0.03807644372050212,1.3157459925652182,0.00448763154963604,0.023507389322629656,0.2827984100670241
rolling_36m_2021-01-01_2023-12-31,Improved Convex Adaptive Global RRP,2021-01-04,2023-12-29,727,0.03498612175032445,0.026192910953766548,0.5140412652931647,-0.015580532686517823,2.2455022850790405,0.003805421046962164,0.016100725769653896,0.1944062838798706
rolling_36m_2022-01-01_2024-12-31,Improved Convex Adaptive Global RRP,2022-01-04,2024-12-31,726,0.04250390058585718,0.026041744368256178,0.8938660145093117,-0.015580532686517268,2.7280133125768065,0.0036950108773994026,0.011035857592431482,0.13288506546051426
rolling_36m_2023-01-01_2025-12-31,Improved Convex Adaptive Global RRP,2023-01-03,2025-12-31,727,0.0635266613272969,0.024082495948015748,1.8740802358683792,-0.015392207461438434,4.127196276846453,0.003349418576470908,0.009254928658708406,0.11133856992987816
